﻿ Field Number , Field Name                   , Data Type    , Start , End , Length 
1, Activity Year                , Numeric      ,1,4,4
2, Respondent ID                , Alphanumeric ,5,14,10
3, Agency code                  , Numeric      ,15,15,1
4, Parent Respondent ID         , Alphanumeric ,16,25,10
5, Parent Name                  , Alphanumeric ,26,55,30
6, Parent City                  , Alphanumeric ,56,80,25
7, Parent State                 , Alphanumeric ,81,82,2
8, Region                       , Numeric      ,83,84,2
9, Assets                       , Numeric      ,85,94,10
10, Other Lender Code            , Numeric      ,95,95,1
11, Respondent Name              , Alphanumeric ,96,125,30
12, Filler                       , Alphanumeric ,126,165,30
13, Respondent City              , Alphanumeric ,166,190,25
14, Respondent State             , Alphanumeric ,191,192,2
15, Filler                       , Alphanumeric ,193,202,10
16, Filler                       , Alphanumeric ,203,212,10
17, Top Holder RSSD              , Numeric      ,213,222,10
18, Top Holder Name              , Alphanumeric ,223,252,30
19, Top Holder City              , Alphanumeric ,253,277,25
20, Top Holder State             , Alphanumeric ,278,279,2
21, Top Holder Country           , Alphanumeric ,280,319,40
22, Respondent RSSD              , Numeric      ,320,329,10
23, Parent RSSD                  , Numeric      ,330,339,10
24, Respondent FIPS State Number , Alphanumeric ,340,341,2